"peak count" "year" "month" "day"
2750 2016 10 16
2665 2016 10 16
2026 2016 10 16
2153 2016 10 16
2158 2016 10 16
2175 2016 10 16
2490 2016 10 16
3129 2016 10 16
2756 2016 10 16
2479 2016 10 16
2362 2016 10 16
2417 2016 10 16
2297 2016 10 16
2263 2016 10 16
1789 2016 10 16
2539 2016 10 16
2246 2016 10 16
2648 2016 10 16
2422 2016 10 16
2653 2016 10 16
6425 2016 11 14
6765 2016 11 14
6713 2016 11 14
6588 2016 11 14
6576 2016 11 14
6903 2016 11 14
6423 2016 11 14
7147 2016 11 14
6675 2016 11 14
6857 2016 11 14
7811 2016 11 15
7495 2016 11 15
7425 2016 11 15
7516 2016 11 15
7535 2016 11 15
7595 2016 11 15
7637 2016 11 15
7766 2016 11 15
7520 2016 11 15
7704 2016 11 15
8155 2016 11 21
7752 2016 11 21
8069 2016 11 21
7796 2016 11 21
7767 2016 11 21
7963 2016 11 21
7632 2016 11 21
7890 2016 11 21
7535 2016 11 21
7689 2016 11 21
8016 2016 11 22
8126 2016 11 22
7969 2016 11 22
8002 2016 11 22
8348 2016 11 22
8228 2016 11 22
7736 2016 11 22
8214 2016 11 22
7929 2016 11 22
8241 2016 11 22
8159 2016 11 23
7670 2016 11 23
8357 2016 11 23
8101 2016 11 23
8262 2016 11 23
7833 2016 11 23
7987 2016 11 23
8517 2016 11 23
8226 2016 11 23
8296 2016 11 23
7327 2016 11 24
7177 2016 11 24
7527 2016 11 24
7296 2016 11 24
7018 2016 11 24
7362 2016 11 24
7022 2016 11 24
7468 2016 11 24
7153 2016 11 24
7114 2016 11 24
5749 2016 12 12
6084 2016 12 12
6027 2016 12 12
6072 2016 12 12
5719 2016 12 12
6004 2016 12 12
5900 2016 12 12
6403 2016 12 12
5763 2016 12 12
6199 2016 12 12
5847 2016 12 13
6530 2016 12 13
6206 2016 12 13
6207 2016 12 13
6391 2016 12 13
6459 2016 12 13
6341 2016 12 13
6245 2016 12 13
6539 2016 12 13
6429 2016 12 13
6075 2016 12 14
6350 2016 12 14
6190 2016 12 14
5996 2016 12 14
6530 2016 12 14
6629 2016 12 14
6058 2016 12 14
5904 2016 12 14
5759 2016 12 14
6260 2016 12 14
5081 2016 12 15
5488 2016 12 15
5282 2016 12 15
5558 2016 12 15
5507 2016 12 15
5573 2016 12 15
5127 2016 12 15
5578 2016 12 15
5494 2016 12 15
5679 2016 12 15
5040 2017 1 9
5132 2017 1 9
4778 2017 1 9
6331 2017 1 9
4842 2017 1 9
5339 2017 1 9
4861 2017 1 9
5255 2017 1 9
6023 2017 1 9
5362 2017 1 9
5414 2017 1 10
5118 2017 1 10
5033 2017 1 10
5285 2017 1 10
5061 2017 1 10
5244 2017 1 10
5013 2017 1 10
5327 2017 1 10
4947 2017 1 10
5196 2017 1 10
4678 2017 1 11
3936 2017 1 11
4226 2017 1 11
4407 2017 1 11
4268 2017 1 11
4311 2017 1 11
3928 2017 1 11
4185 2017 1 11
3992 2017 1 11
4215 2017 1 11
5993 2017 2 20
5966 2017 2 20
8600 2017 2 20
8605 2017 2 20
6358 2017 2 20
5944 2017 2 20
6307 2017 2 20
6312 2017 2 20
6393 2017 2 20
6388 2017 2 20
7517 2017 2 21
9160 2017 2 21
8974 2017 2 21
9057 2017 2 21
9140 2017 2 21
9211 2017 2 21
8940 2017 2 21
9185 2017 2 21
8918 2017 2 21
9139 2017 2 21
8919 2017 2 22
8908 2017 2 22
8739 2017 2 22
8892 2017 2 22
8597 2017 2 22
8988 2017 2 22
6915 2017 2 22
8889 2017 2 22
8576 2017 2 22
8783 2017 2 22
8885 2017 2 23
8934 2017 2 23
8949 2017 2 23
8821 2017 2 23
9106 2017 2 23
9027 2017 2 23
8707 2017 2 23
9080 2017 2 23
8788 2017 2 23
9227 2017 2 23
8969 2017 2 24
9031 2017 2 24
8876 2017 2 24
8836 2017 2 24
8706 2017 2 24
9041 2017 2 24
7982 2017 2 24
9075 2017 2 24
9080 2017 2 24
9054 2017 2 24
8640 2017 3 27
9051 2017 3 27
8517 2017 3 27
8569 2017 3 27
8585 2017 3 27
8649 2017 3 27
9003 2017 3 27
9106 2017 3 27
8905 2017 3 27
8993 2017 3 27
6400 2017 3 28
9460 2017 3 28
8677 2017 3 28
8600 2017 3 28
8727 2017 3 28
9336 2017 3 28
6480 2017 3 28
9034 2017 3 28
8822 2017 3 28
8988 2017 3 28
8713 2017 3 29
9239 2017 3 29
9014 2017 3 29
8770 2017 3 29
8854 2017 3 29
8969 2017 3 29
8759 2017 3 29
9294 2017 3 29
8848 2017 3 29
9068 2017 3 29
6233 2017 3 30
9278 2017 3 30
9176 2017 3 30
8881 2017 3 30
8987 2017 3 30
9305 2017 3 30
6745 2017 3 30
9392 2017 3 30
9087 2017 3 30
9165 2017 3 30
9247 2017 3 31
8520 2017 3 31
9257 2017 3 31
9043 2017 3 31
8841 2017 3 31
6578 2017 3 31
9139 2017 3 31
9110 2017 3 31
9132 2017 3 31
6639 2017 3 31
10054 2017 4 3
9254 2017 4 3
9948 2017 4 3
8115 2017 4 3
9591 2017 4 3
9603 2017 4 3
8817 2017 4 3
9523 2017 4 3
9447 2017 4 3
9656 2017 4 3
9064 2017 4 4
9471 2017 4 4
9286 2017 4 4
9435 2017 4 4
9301 2017 4 4
9448 2017 4 4
9428 2017 4 4
9848 2017 4 4
9531 2017 4 4
9516 2017 4 4
9789 2017 4 5
8376 2017 4 5
9748 2017 4 5
7643 2017 4 5
8145 2017 4 5
9598 2017 4 5
7467 2017 4 5
9929 2017 4 5
9510 2017 4 5
8130 2017 4 5
8677 2017 4 19
9207 2017 4 19
8643 2017 4 19
8830 2017 4 19
9018 2017 4 19
9051 2017 4 19
9141 2017 4 19
9370 2017 4 19
9349 2017 4 19
9259 2017 4 19
9227 2017 4 21
9123 2017 4 21
8903 2017 4 21
9243 2017 4 21
8916 2017 4 21
8940 2017 4 21
9375 2017 4 21
9159 2017 4 21
9565 2017 4 21
9217 2017 4 21
8789 2017 5 2
9014 2017 5 2
8646 2017 5 2
8410 2017 5 2
8511 2017 5 2
8698 2017 5 2
6209 2017 5 2
9064 2017 5 2
8825 2017 5 2
8955 2017 5 2
8579 2017 5 3
8953 2017 5 3
9116 2017 5 3
8767 2017 5 3
8924 2017 5 3
8758 2017 5 3
6868 2017 5 3
9255 2017 5 3
8938 2017 5 3
9089 2017 5 3
9280 2017 5 4
8693 2017 5 4
8824 2017 5 4
9217 2017 5 4
8677 2017 5 4
8704 2017 5 4
6490 2017 5 4
8949 2017 5 4
8231 2017 5 4
8811 2017 5 4
8857 2017 5 5
7887 2017 5 5
8860 2017 5 5
8744 2017 5 5
9127 2017 5 5
7446 2017 5 5
7087 2017 5 5
8761 2017 5 5
7362 2017 5 5
9190 2017 5 5
8696 2017 5 15
8760 2017 5 15
8302 2017 5 15
8541 2017 5 15
8313 2017 5 15
8737 2017 5 15
6919 2017 5 15
8615 2017 5 15
8759 2017 5 15
8541 2017 5 15
6406 2017 5 16
8688 2017 5 16
6129 2017 5 16
6121 2017 5 16
8111 2017 5 16
8342 2017 5 16
6502 2017 5 16
8638 2017 5 16
8560 2017 5 16
8638 2017 5 16
6521 2017 5 17
8566 2017 5 17
5628 2017 5 17
6578 2017 5 17
8513 2017 5 17
8308 2017 5 17
6489 2017 5 17
6669 2017 5 17
6676 2017 5 17
8745 2017 5 17
8748 2017 5 18
8684 2017 5 18
8691 2017 5 18
8774 2017 5 18
8505 2017 5 18
8698 2017 5 18
8735 2017 5 18
8800 2017 5 18
8748 2017 5 18
8627 2017 5 18
8765 2017 5 19
9111 2017 5 19
8558 2017 5 19
8891 2017 5 19
9031 2017 5 19
9078 2017 5 19
9242 2017 5 19
9226 2017 5 19
9211 2017 5 19
9225 2017 5 19
7681 2017 5 29
8203 2017 5 29
7535 2017 5 29
7773 2017 5 29
7816 2017 5 29
7984 2017 5 29
8214 2017 5 29
8437 2017 5 29
8262 2017 5 29
8290 2017 5 29
8480 2017 5 30
6137 2017 5 30
8356 2017 5 30
8411 2017 5 30
8279 2017 5 30
8460 2017 5 30
5961 2017 5 30
8822 2017 5 30
8501 2017 5 30
6164 2017 5 30
8428 2017 5 31
8739 2017 5 31
6402 2017 5 31
6072 2017 5 31
8492 2017 5 31
8441 2017 5 31
8705 2017 5 31
9021 2017 5 31
8776 2017 5 31
9018 2017 5 31
8213 2017 6 1
8753 2017 6 1
6255 2017 6 1
8306 2017 6 1
8509 2017 6 1
8323 2017 6 1
7039 2017 6 1
8579 2017 6 1
8607 2017 6 1
8640 2017 6 1
7317 2017 6 12
8014 2017 6 12
7318 2017 6 12
7304 2017 6 12
7352 2017 6 12
7658 2017 6 12
8095 2017 6 12
8072 2017 6 12
7895 2017 6 12
7802 2017 6 12
7323 2017 6 13
8043 2017 6 13
7705 2017 6 13
7321 2017 6 13
7754 2017 6 13
7681 2017 6 13
8164 2017 6 13
8168 2017 6 13
7858 2017 6 13
7977 2017 6 13
7540 2017 6 16
6819 2017 6 16
7531 2017 6 16
6941 2017 6 16
7355 2017 6 16
7678 2017 6 16
8211 2017 6 16
7569 2017 6 16
7870 2017 6 16
8053 2017 6 16
6752 2017 6 26
6723 2017 6 26
6845 2017 6 26
6247 2017 6 26
6312 2017 6 26
6357 2017 6 26
6753 2017 6 26
6865 2017 6 26
6788 2017 6 26
6593 2017 6 26
6524 2017 6 28
6479 2017 6 28
6526 2017 6 28
6257 2017 6 28
6316 2017 6 28
6311 2017 6 28
6756 2017 6 28
6681 2017 6 28
6458 2017 6 28
6391 2017 6 28
5520 2017 6 29
4882 2017 6 29
4968 2017 6 29
5232 2017 6 29
4934 2017 6 29
4770 2017 6 29
5966 2017 6 29
6246 2017 6 29
4741 2017 6 29
5048 2017 6 29
6202 2017 6 30
6516 2017 6 30
5202 2017 6 30
5846 2017 6 30
6483 2017 6 30
6421 2017 6 30
6486 2017 6 30
6640 2017 6 30
6419 2017 6 30
6727 2017 6 30
5546 2017 7 10
5767 2017 7 10
5232 2017 7 10
5602 2017 7 10
5405 2017 7 10
5651 2017 7 10
5680 2017 7 10
5618 2017 7 10
5697 2017 7 10
5701 2017 7 10
5454 2017 7 11
5620 2017 7 11
5465 2017 7 11
5180 2017 7 11
5359 2017 7 11
5453 2017 7 11
5545 2017 7 11
5814 2017 7 11
5499 2017 7 11
5644 2017 7 11
5228 2017 7 12
3433 2017 7 12
5286 2017 7 12
5213 2017 7 12
5346 2017 7 12
5403 2017 7 12
5440 2017 7 12
5473 2017 7 12
5315 2017 7 12
5014 2017 7 12
3757 2017 7 13
4588 2017 7 13
4744 2017 7 13
4792 2017 7 13
3869 2017 7 13
4682 2017 7 13
4607 2017 7 13
4803 2017 7 13
4572 2017 7 13
4653 2017 7 13
5313 2017 7 14
5255 2017 7 14
4248 2017 7 14
4924 2017 7 14
4695 2017 7 14
4719 2017 7 14
4201 2017 7 14
5531 2017 7 14
5256 2017 7 14
5563 2017 7 14
9879 2017 7 25
10398 2017 7 25
9940 2017 7 25
9874 2017 7 25
9830 2017 7 25
10307 2017 7 25
10020 2017 7 25
10165 2017 7 25
10234 2017 7 25
10084 2017 7 25
9897 2017 7 26
10137 2017 7 26
10098 2017 7 26
9796 2017 7 26
10097 2017 7 26
10063 2017 7 26
9991 2017 7 26
10186 2017 7 26
9988 2017 7 26
10213 2017 7 26
8733 2017 7 27
8836 2017 7 27
9675 2017 7 27
9773 2017 7 27
9846 2017 7 27
9774 2017 7 27
9715 2017 7 27
9782 2017 7 27
9736 2017 7 27
8659 2017 7 27
8546 2017 10 6
9117 2017 10 6
8653 2017 10 6
8578 2017 10 6
8977 2017 10 6
8893 2017 10 6
8761 2017 10 6
9149 2017 10 6
8981 2017 10 6
9432 2017 10 6
8931 2017 10 7
9134 2017 10 7
9000 2017 10 7
9048 2017 10 7
8970 2017 10 7
9305 2017 10 7
9070 2017 10 7
9313 2017 10 7
9106 2017 10 7
9138 2017 10 7
8711 2017 10 8
8769 2017 10 8
8573 2017 10 8
8553 2017 10 8
8814 2017 10 8
8639 2017 10 8
8916 2017 10 8
8625 2017 10 8
8846 2017 10 8
9027 2017 10 8
8434 2017 10 9
7410 2017 10 9
8532 2017 10 9
8513 2017 10 9
8425 2017 10 9
8210 2017 10 9
7393 2017 10 9
8859 2017 10 9
8748 2017 10 9
7010 2017 10 9
8514 2017 10 0
8610 2017 10 0
8603 2017 10 0
8616 2017 10 0
8279 2017 10 0
8514 2017 10 0
8607 2017 10 0
8535 2017 10 0
7074 2017 10 0
7711 2017 10 0
8347 2019 9 12
7311 2019 9 12
7709 2019 9 12
7596 2019 9 12
7383 2019 9 12
7232 2019 9 12
7183 2019 9 12
7159 2019 9 12
7233 2019 9 12
7484 2019 9 12
10057 2019 9 24
8466 2019 9 24
8516 2019 9 24
8528 2019 9 24
8479 2019 9 24
8488 2019 9 24
9294 2020 2 4
8327 2020 2 4
8139 2020 2 4
8216 2020 2 4
8229 2020 2 4
8084 2020 2 4
8266 2020 2 4
8190 2020 2 4
8350 2020 2 4
7296 2020 2 5
9201 2020 2 5
9350 2020 2 5
8936 2020 2 5
6587 2020 2 5
8733 2020 2 5
8866 2020 2 5
8747 2020 2 5
6524 2020 2 5
5649 2020 2 12
7667 2020 2 12
7239 2020 2 12
7244 2020 2 12
7459 2020 2 12
5160 2020 2 12
7435 2020 2 12
7515 2020 2 12
7597 2020 2 12
5698 2020 2 12
7190 2020 2 13
8746 2020 2 13
8518 2020 2 13
8445 2020 2 13
8552 2020 2 13
6562 2020 2 13
8632 2020 2 13
8713 2020 2 13
8853 2020 2 13
8706 2020 2 13
6245 2020 9 1
5799 2020 9 1
6160 2020 9 1
4969 2020 9 1
6211 2020 9 1
4962 2020 9 1
5305 2020 9 1
4988 2020 9 1
6178 2020 9 1
4573 2020 9 1
7642 2020 9 10
7533 2020 9 10
7596 2020 9 10
7546 2020 9 10
7559 2020 9 10
7499 2020 9 10
7524 2020 9 10
7423 2020 9 10
7513 2020 9 10
7391 2020 9 10
9393 2020 9 16
9516 2020 9 16
9685 2020 9 16
9482 2020 9 16
9490 2020 9 16
9131 2020 9 16
9229 2020 9 16
9548 2020 9 16
9300 2020 9 16
9335 2020 9 16
8794 2020 9 21
7940 2020 9 21
8998 2020 9 21
9034 2020 9 21
6450 2020 1 28
6376 2020 1 28
6594 2020 1 28
6465 2020 1 28
6488 2020 1 28
6397 2020 1 28
